[5, 50, 100, 250, 500]
[5, 50, 100, 500, 250]
[5, 50, 250, 100, 500]
[5, 50, 250, 500, 100]
[5, 50, 500, 250, 100]
[5, 50, 500, 100, 250]
[5, 100, 50, 250, 500]
[5, 100, 50, 500, 250]
[5, 100, 250, 50, 500]
[5, 100, 250, 500, 50]
[5, 100, 500, 250, 50]
[5, 100, 500, 50, 250]
[5, 250, 100, 50, 500]
[5, 250, 100, 500, 50]
[5, 250, 50, 100, 500]
[5, 250, 50, 500, 100]
[5, 250, 500, 50, 100]
[5, 250, 500, 100, 50]
[5, 500, 100, 250, 50]
[5, 500, 100, 50, 250]
[5, 500, 250, 100, 50]
[5, 500, 250, 50, 100]
[5, 500, 50, 250, 100]
[5, 500, 50, 100, 250]
[50, 5, 100, 250, 500]
[50, 5, 100, 500, 250]
[50, 5, 250, 100, 500]
[50, 5, 250, 500, 100]
[50, 5, 500, 250, 100]
[50, 5, 500, 100, 250]
[50, 100, 5, 250, 500]
[50, 100, 5, 500, 250]
[50, 100, 250, 5, 500]
[50, 100, 250, 500, 5]
[50, 100, 500, 250, 5]
[50, 100, 500, 5, 250]
[50, 250, 100, 5, 500]
[50, 250, 100, 500, 5]
[50, 250, 5, 100, 500]
[50, 250, 5, 500, 100]
[50, 250, 500, 5, 100]
[50, 250, 500, 100, 5]
[50, 500, 100, 250, 5]
[50, 500, 100, 5, 250]
[50, 500, 250, 100, 5]
[50, 500, 250, 5, 100]
[50, 500, 5, 250, 100]
[50, 500, 5, 100, 250]
[100, 50, 5, 250, 500]
[100, 50, 5, 500, 250]
[100, 50, 250, 5, 500]
[100, 50, 250, 500, 5]
[100, 50, 500, 250, 5]
[100, 50, 500, 5, 250]
[100, 5, 50, 250, 500]
[100, 5, 50, 500, 250]
[100, 5, 250, 50, 500]
[100, 5, 250, 500, 50]
[100, 5, 500, 250, 50]
[100, 5, 500, 50, 250]
[100, 250, 5, 50, 500]
[100, 250, 5, 500, 50]
[100, 250, 50, 5, 500]
[100, 250, 50, 500, 5]
[100, 250, 500, 50, 5]
[100, 250, 500, 5, 50]
[100, 500, 5, 250, 50]
[100, 500, 5, 50, 250]
[100, 500, 250, 5, 50]
[100, 500, 250, 50, 5]
[100, 500, 50, 250, 5]
[100, 500, 50, 5, 250]
[250, 50, 100, 5, 500]
[250, 50, 100, 500, 5]
[250, 50, 5, 100, 500]
[250, 50, 5, 500, 100]
[250, 50, 500, 5, 100]
[250, 50, 500, 100, 5]
[250, 100, 50, 5, 500]
[250, 100, 50, 500, 5]
[250, 100, 5, 50, 500]
[250, 100, 5, 500, 50]
[250, 100, 500, 5, 50]
[250, 100, 500, 50, 5]
[250, 5, 100, 50, 500]
[250, 5, 100, 500, 50]
[250, 5, 50, 100, 500]
[250, 5, 50, 500, 100]
[250, 5, 500, 50, 100]
[250, 5, 500, 100, 50]
[250, 500, 100, 5, 50]
[250, 500, 100, 50, 5]
[250, 500, 5, 100, 50]
[250, 500, 5, 50, 100]
[250, 500, 50, 5, 100]
[250, 500, 50, 100, 5]
[500, 50, 100, 250, 5]
[500, 50, 100, 5, 250]
[500, 50, 250, 100, 5]
[500, 50, 250, 5, 100]
[500, 50, 5, 250, 100]
[500, 50, 5, 100, 250]
[500, 100, 50, 250, 5]
[500, 100, 50, 5, 250]
[500, 100, 250, 50, 5]
[500, 100, 250, 5, 50]
[500, 100, 5, 250, 50]
[500, 100, 5, 50, 250]
[500, 250, 100, 50, 5]
[500, 250, 100, 5, 50]
[500, 250, 50, 100, 5]
[500, 250, 50, 5, 100]
[500, 250, 5, 50, 100]
[500, 250, 5, 100, 50]
[500, 5, 100, 250, 50]
[500, 5, 100, 50, 250]
[500, 5, 250, 100, 50]
[500, 5, 250, 50, 100]
[500, 5, 50, 250, 100]
[500, 5, 50, 100, 250]