[0.02, 0.02, 0.02, 0.09, 0.04]
[0.02, 0.02, 0.02, 0.04, 0.09]
[0.02, 0.02, 0.09, 0.02, 0.04]
[0.02, 0.02, 0.09, 0.04, 0.02]
[0.02, 0.02, 0.04, 0.09, 0.02]
[0.02, 0.02, 0.04, 0.02, 0.09]
[0.02, 0.02, 0.02, 0.09, 0.04]
[0.02, 0.02, 0.02, 0.04, 0.09]
[0.02, 0.02, 0.09, 0.02, 0.04]
[0.02, 0.02, 0.09, 0.04, 0.02]
[0.02, 0.02, 0.04, 0.09, 0.02]
[0.02, 0.02, 0.04, 0.02, 0.09]
[0.02, 0.09, 0.02, 0.02, 0.04]
[0.02, 0.09, 0.02, 0.04, 0.02]
[0.02, 0.09, 0.02, 0.02, 0.04]
[0.02, 0.09, 0.02, 0.04, 0.02]
[0.02, 0.09, 0.04, 0.02, 0.02]
[0.02, 0.09, 0.04, 0.02, 0.02]
[0.02, 0.04, 0.02, 0.09, 0.02]
[0.02, 0.04, 0.02, 0.02, 0.09]
[0.02, 0.04, 0.09, 0.02, 0.02]
[0.02, 0.04, 0.09, 0.02, 0.02]
[0.02, 0.04, 0.02, 0.09, 0.02]
[0.02, 0.04, 0.02, 0.02, 0.09]
[0.02, 0.02, 0.02, 0.09, 0.04]
[0.02, 0.02, 0.02, 0.04, 0.09]
[0.02, 0.02, 0.09, 0.02, 0.04]
[0.02, 0.02, 0.09, 0.04, 0.02]
[0.02, 0.02, 0.04, 0.09, 0.02]
[0.02, 0.02, 0.04, 0.02, 0.09]
[0.02, 0.02, 0.02, 0.09, 0.04]
[0.02, 0.02, 0.02, 0.04, 0.09]
[0.02, 0.02, 0.09, 0.02, 0.04]
[0.02, 0.02, 0.09, 0.04, 0.02]
[0.02, 0.02, 0.04, 0.09, 0.02]
[0.02, 0.02, 0.04, 0.02, 0.09]
[0.02, 0.09, 0.02, 0.02, 0.04]
[0.02, 0.09, 0.02, 0.04, 0.02]
[0.02, 0.09, 0.02, 0.02, 0.04]
[0.02, 0.09, 0.02, 0.04, 0.02]
[0.02, 0.09, 0.04, 0.02, 0.02]
[0.02, 0.09, 0.04, 0.02, 0.02]
[0.02, 0.04, 0.02, 0.09, 0.02]
[0.02, 0.04, 0.02, 0.02, 0.09]
[0.02, 0.04, 0.09, 0.02, 0.02]
[0.02, 0.04, 0.09, 0.02, 0.02]
[0.02, 0.04, 0.02, 0.09, 0.02]
[0.02, 0.04, 0.02, 0.02, 0.09]
[0.02, 0.02, 0.02, 0.09, 0.04]
[0.02, 0.02, 0.02, 0.04, 0.09]
[0.02, 0.02, 0.09, 0.02, 0.04]
[0.02, 0.02, 0.09, 0.04, 0.02]
[0.02, 0.02, 0.04, 0.09, 0.02]
[0.02, 0.02, 0.04, 0.02, 0.09]
[0.02, 0.02, 0.02, 0.09, 0.04]
[0.02, 0.02, 0.02, 0.04, 0.09]
[0.02, 0.02, 0.09, 0.02, 0.04]
[0.02, 0.02, 0.09, 0.04, 0.02]
[0.02, 0.02, 0.04, 0.09, 0.02]
[0.02, 0.02, 0.04, 0.02, 0.09]
[0.02, 0.09, 0.02, 0.02, 0.04]
[0.02, 0.09, 0.02, 0.04, 0.02]
[0.02, 0.09, 0.02, 0.02, 0.04]
[0.02, 0.09, 0.02, 0.04, 0.02]
[0.02, 0.09, 0.04, 0.02, 0.02]
[0.02, 0.09, 0.04, 0.02, 0.02]
[0.02, 0.04, 0.02, 0.09, 0.02]
[0.02, 0.04, 0.02, 0.02, 0.09]
[0.02, 0.04, 0.09, 0.02, 0.02]
[0.02, 0.04, 0.09, 0.02, 0.02]
[0.02, 0.04, 0.02, 0.09, 0.02]
[0.02, 0.04, 0.02, 0.02, 0.09]
[0.09, 0.02, 0.02, 0.02, 0.04]
[0.09, 0.02, 0.02, 0.04, 0.02]
[0.09, 0.02, 0.02, 0.02, 0.04]
[0.09, 0.02, 0.02, 0.04, 0.02]
[0.09, 0.02, 0.04, 0.02, 0.02]
[0.09, 0.02, 0.04, 0.02, 0.02]
[0.09, 0.02, 0.02, 0.02, 0.04]
[0.09, 0.02, 0.02, 0.04, 0.02]
[0.09, 0.02, 0.02, 0.02, 0.04]
[0.09, 0.02, 0.02, 0.04, 0.02]
[0.09, 0.02, 0.04, 0.02, 0.02]
[0.09, 0.02, 0.04, 0.02, 0.02]
[0.09, 0.02, 0.02, 0.02, 0.04]
[0.09, 0.02, 0.02, 0.04, 0.02]
[0.09, 0.02, 0.02, 0.02, 0.04]
[0.09, 0.02, 0.02, 0.04, 0.02]
[0.09, 0.02, 0.04, 0.02, 0.02]
[0.09, 0.02, 0.04, 0.02, 0.02]
[0.09, 0.04, 0.02, 0.02, 0.02]
[0.09, 0.04, 0.02, 0.02, 0.02]
[0.09, 0.04, 0.02, 0.02, 0.02]
[0.09, 0.04, 0.02, 0.02, 0.02]
[0.09, 0.04, 0.02, 0.02, 0.02]
[0.09, 0.04, 0.02, 0.02, 0.02]
[0.04, 0.02, 0.02, 0.09, 0.02]
[0.04, 0.02, 0.02, 0.02, 0.09]
[0.04, 0.02, 0.09, 0.02, 0.02]
[0.04, 0.02, 0.09, 0.02, 0.02]
[0.04, 0.02, 0.02, 0.09, 0.02]
[0.04, 0.02, 0.02, 0.02, 0.09]
[0.04, 0.02, 0.02, 0.09, 0.02]
[0.04, 0.02, 0.02, 0.02, 0.09]
[0.04, 0.02, 0.09, 0.02, 0.02]
[0.04, 0.02, 0.09, 0.02, 0.02]
[0.04, 0.02, 0.02, 0.09, 0.02]
[0.04, 0.02, 0.02, 0.02, 0.09]
[0.04, 0.09, 0.02, 0.02, 0.02]
[0.04, 0.09, 0.02, 0.02, 0.02]
[0.04, 0.09, 0.02, 0.02, 0.02]
[0.04, 0.09, 0.02, 0.02, 0.02]
[0.04, 0.09, 0.02, 0.02, 0.02]
[0.04, 0.09, 0.02, 0.02, 0.02]
[0.04, 0.02, 0.02, 0.09, 0.02]
[0.04, 0.02, 0.02, 0.02, 0.09]
[0.04, 0.02, 0.09, 0.02, 0.02]
[0.04, 0.02, 0.09, 0.02, 0.02]
[0.04, 0.02, 0.02, 0.09, 0.02]
[0.04, 0.02, 0.02, 0.02, 0.09]
[0.02, 0.02, 0.09, 0.02, 0.02]
