[0.1, 0.45, 0.6, 0.9]
[0.1, 0.45, 0.9, 0.6]
[0.1, 0.6, 0.45, 0.9]
[0.1, 0.6, 0.9, 0.45]
[0.1, 0.9, 0.6, 0.45]
[0.1, 0.9, 0.45, 0.6]
[0.45, 0.1, 0.6, 0.9]
[0.45, 0.1, 0.9, 0.6]
[0.45, 0.6, 0.1, 0.9]
[0.45, 0.6, 0.9, 0.1]
[0.45, 0.9, 0.6, 0.1]
[0.45, 0.9, 0.1, 0.6]
[0.6, 0.45, 0.1, 0.9]
[0.6, 0.45, 0.9, 0.1]
[0.6, 0.1, 0.45, 0.9]
[0.6, 0.1, 0.9, 0.45]
[0.6, 0.9, 0.1, 0.45]
[0.6, 0.9, 0.45, 0.1]
[0.9, 0.45, 0.6, 0.1]
[0.9, 0.45, 0.1, 0.6]
[0.9, 0.6, 0.45, 0.1]
[0.9, 0.6, 0.1, 0.45]
[0.9, 0.1, 0.6, 0.45]
[0.9, 0.1, 0.45, 0.6]